F:0.000000;
E:0.000000(,):0.000000D:0.000000C:0.000000(,):0.000000B:0.000000A:0.000000(,):0.000000(,):0.000000(,):0.000000